501.156281
505.089722
497.515442
500.813507
505.904694
500.378143
504.402802
509.712158
515.009338
525.964355
547.278870
546.234375
488.717529
481.787994
470.574524
462.551392
465.092682
470.019989
473.299591
480.455170
481.926819
503.094238
528.323120
529.286682
469.815247
462.369202
456.749847
458.504822
442.663330
450.312561
457.489288
458.280487
465.662415
483.739746
524.322571
519.977600
452.029999
458.134583
444.959869
440.735565
436.794739
433.771027
438.870972
442.434845
453.707489
482.972717
505.103638
516.302673
453.035919
457.303009
442.342773
436.459412
435.509155
434.454529
447.168915
453.397705
460.991333
482.583282
511.739166
504.928070
452.142578
458.741119
443.162445
443.357758
429.994354
439.529999
441.501038
445.665588
460.548218
481.790558
514.238098
519.063965
466.036560
476.773163
451.002716
456.158356
450.539185
443.859802
444.037231
451.404755
476.614990
485.773651
519.344788
521.060974
481.296295
494.750305
470.790222
463.638092
462.098785
463.095673
465.614349
463.931335
478.508423
497.927795
532.992981
530.788635
512.943054
533.196838
499.084320
502.071503
501.078705
498.410706
508.027039
501.463165
499.985474
508.628723
552.986328
551.253357
559.663025
562.164429
553.205933
551.880615
548.319885
550.011047
551.161499
551.395996
559.521667
563.126587
580.343506
578.351624
0.000000
0.000000
0.000000
0.000000
0.000000
0.000000
0.000000
0.000000
0.000000
0.000000
0.000000
0.000000
0.000000
0.000000
0.000000
0.000000
0.000000
0.000000
0.000000
0.000000
0.000000
0.000000
0.000000
0.000000
